25.2343922260256
0.504687844520529
24.7297043815051
1.00937568904105
24.2250165369846
1.51406353356157
23.7203286924641
2.01875137808208
23.2156408479435
2.52343922260261
22.710953003423
3.02812706712314
22.2062651589025
3.53281491164366
21.701577314382
4.03750275616417
21.1968894698615
4.54219060068469
20.6922016253409
5.04687844520521
20.1875137808204
5.55156628972573
19.6828259362999
6.05625413424626
19.1781380917794
6.5609419787668
18.6734502472588
7.06562982328733
18.1687624027383
7.57031766780787
17.6640745582177
8.07500551232842
17.1593867136972
8.57969335684898
16.6546988691766
9.08438120136955
16.1500110246561
9.5890690458901
15.6453231801355
10.0937568904106
15.140635335615
10.5984447349312
14.6359474910944
11.1031325794518
14.1312596465739
11.6078204239723
13.6265718020533
12.1125082684928
13.1218839575328
12.6171961130134
12.6171961130122
13.1218839575339
12.1125082684917
13.6265718020544
11.6078204239712
14.1312596465749
11.1031325794507
14.6359474910955
10.5984447349301
15.140635335616
10.0937568904096
15.6453231801365
9.58906904588911
16.150011024657
9.08438120136859
16.6546988691776
8.57969335684807
17.1593867136981
8.07500551232755
17.6640745582186
7.57031766780704
18.1687624027391
7.06562982328653
18.6734502472596
6.56094197876603
19.1781380917801
6.05625413424553
19.6828259363006
5.55156628972503
20.1875137808211
5.04687844520454
20.6922016253416
4.54219060068406
21.1968894698621
4.03750275616359
21.7015773143825
3.53281491164313
22.206265158903
3.02812706712267
22.7109530034234
2.52343922260221
23.2156408479439
2.01875137808175
23.7203286924644
1.51406353356131
24.2250165369848
1.00937568904087
24.7297043815052
0.504687844520431
25.2343922260257
