25.2244798518307
0.504489597036618
24.7199902547941
1.00897919407324
24.2155006577574
1.51346879110985
23.7110110607208
2.01795838814646
23.2065214636842
2.52244798518307
22.7020318666476
3.02693758221969
22.197542269611
3.5314271792563
21.6930526725744
4.0359167762929
21.1885630755378
4.54040637332951
20.6840734785012
5.0448959703661
20.1795838814646
5.5493855674027
19.675094284428
6.05387516443928
19.1706046873914
6.55836476147585
18.6661150903549
7.06285435851243
18.1616254933183
7.56734395554901
17.6571358962817
8.0718335525856
17.1526462992451
8.57632314962219
16.6481567022085
9.08081274665879
16.1436671051719
9.58530234369538
15.6391775081353
10.089791940732
15.1346879110987
10.5942815377686
14.6301983140621
11.0987711348052
14.1257087170255
11.6032607318418
13.6212191199889
12.1077503288784
13.1167295229523
12.612239925915
12.6122399259157
13.1167295229516
12.1077503288791
13.6212191199882
11.6032607318424
14.1257087170249
11.0987711348058
14.6301983140615
10.5942815377692
15.1346879110981
10.0897919407326
15.6391775081348
9.58530234369591
16.1436671051714
9.08081274665927
16.648156702208
8.57632314962262
17.1526462992447
8.07183355258598
17.6571358962813
7.56734395554934
18.161625493318
7.06285435851271
18.6661150903546
6.55836476147608
19.1706046873912
6.05387516443945
19.6750942844279
5.54938556740281
20.1795838814645
5.04489597036618
20.6840734785011
4.54040637332955
21.1885630755378
4.03591677629294
21.6930526725744
3.53142717925633
22.197542269611
3.02693758221971
22.7020318666476
2.52244798518309
23.2065214636842
2.01795838814648
23.7110110607208
1.51346879110986
24.2155006577574
1.00897919407324
24.7199902547941
0.50448959703662
25.2244798518307
