25.2244799411408
0.504489598822834
24.7199903423179
1.00897919764566
24.2155007434951
1.51346879646848
23.7110111446723
2.0179583952913
23.2065215458495
2.52244799411411
22.7020319470267
3.02693759293693
22.1975423482038
3.53142719175975
21.693052749381
4.03591679058257
21.1885631505582
4.54040638940539
20.6840735517354
5.0448959882282
20.1795839529126
5.54938558705101
19.6750943540898
6.05387518587381
19.170604755267
6.55836478469661
18.6661151564442
7.06285438351942
18.1616255576213
7.56734398234223
17.6571359587985
8.07183358116504
17.1526463599757
8.57632317998784
16.6481567611529
9.08081277881065
16.1436671623301
9.58530237763345
15.6391775635073
10.0897919764563
15.1346879646845
10.5942815752791
14.6301983658617
11.0987711741019
14.1257087670389
11.6032607729247
13.6212191682161
12.1077503717475
13.1167295693932
12.6122399705703
12.6122399705704
13.1167295693932
12.1077503717476
13.621219168216
11.6032607729248
14.1257087670388
11.098771174102
14.6301983658616
10.5942815752792
15.1346879646844
10.0897919764564
15.6391775635072
9.5853023776336
16.14366716233
9.0808127788108
16.6481567611528
8.57632317998801
17.1526463599756
8.0718335811652
17.6571359587984
7.5673439823424
18.1616255576212
7.06285438351959
18.666115156444
6.55836478469678
19.1706047552668
6.05387518587398
19.6750943540896
5.54938558705117
20.1795839529124
5.04489598822836
20.6840735517352
4.54040638940555
21.188563150558
4.03591679058273
21.6930527493808
3.53142719175991
22.1975423482037
3.02693759293708
22.7020319470265
2.52244799411425
23.2065215458493
2.01795839529141
23.7110111446722
1.51346879646857
24.215500743495
1.00897919764573
24.7199903423179
0.504489598822864
25.2244799411407
